1440.000000	0.869223	1.665507	2.309979	2.821816	3.231529	3.641778	4.004730	4.495547	
2880.000000	1.201193	2.247897	3.163053	3.813344	4.366683	4.960772	5.407267	6.224956	
4320.000000	1.456854	2.638783	3.695851	4.422181	5.061924	5.743508	6.239762	7.215468	
5760.000000	1.705627	3.101089	4.410637	5.248471	6.038543	6.851170	7.431517	8.699016	
7200.000000	1.918059	3.497283	4.977407	5.915156	6.807743	7.711607	8.377857	9.815225	
8640.000000	1.485867	2.702317	3.806558	4.565578	5.237113	5.948572	6.477763	7.500163	
10080.000000	1.402971	2.535406	3.544071	4.250521	4.863644	5.520722	6.008063	6.927170	
11520.000000	1.528426	2.758413	3.867444	4.624504	5.296629	6.010505	6.531618	7.560998	
12960.000000	1.367121	2.483153	3.478059	4.178745	4.784734	5.434656	5.921067	6.826827	
14400.000000	1.650880	2.977209	4.188725	4.989319	5.718542	6.486641	7.036157	8.169498	
15840.000000	1.687558	3.054287	4.324198	5.152783	5.917641	6.718282	7.291862	8.491040	
17280.000000	1.324049	2.422586	3.437269	4.114958	4.731606	5.378659	5.846226	6.814657	
18720.000000	2.174154	3.951289	5.597249	6.627393	7.614730	8.611527	9.372378	10.897442	
20160.000000	3.042793	5.578513	8.013868	9.502956	11.005120	12.453076	13.612974	15.978025	
21600.000000	2.742946	5.135417	7.469366	8.892297	10.339072	11.721237	12.835230	15.181341	
23040.000000	2.187921	4.022217	5.785321	6.870897	7.941312	8.990716	9.774121	11.548502	
24480.000000	1.994059	3.643993	5.211333	6.193145	7.138655	8.086453	8.776402	10.327881	
25920.000000	1.990600	3.632269	5.189743	6.166271	7.106464	8.053460	8.739557	10.264086	
27360.000000	1.580959	2.878104	4.069120	4.869926	5.592839	6.349296	6.906910	8.025909	
28800.000000	1.670938	3.015025	4.244923	5.059403	5.800536	6.581778	7.144198	8.295667	
30240.000000	2.102419	3.815251	5.429463	6.438713	7.408893	8.391833	9.102171	10.669218	
31680.000000	1.438604	2.654100	3.770174	4.531144	5.216935	5.924152	6.462734	7.528297	
33120.000000	1.235027	2.245394	3.130492	3.769702	4.308596	4.890634	5.330352	6.120530	
34560.000000	1.889873	3.409395	4.819493	5.716209	6.558762	7.431888	8.047444	9.392420	
36000.000000	2.366080	4.339263	6.233539	7.389053	8.539687	9.668811	10.511316	12.393428	
37440.000000	1.758891	3.249775	4.667336	5.579903	6.446437	7.314319	7.968175	9.363031	
38880.000000	1.523689	2.750803	3.854193	4.613223	5.283537	5.998442	6.523128	7.541482	
40320.000000	1.477636	2.669484	3.738560	4.478878	5.128024	5.822450	6.334099	7.317186	
41760.000000	1.945391	3.535495	5.029270	5.968518	6.866136	7.781018	8.438443	9.885510	
43200.000000	2.387531	4.386042	6.309343	7.481097	8.647343	9.794268	10.653840	12.558482	
44640.000000	1.248139	2.301532	3.314634	3.964461	4.586364	5.217826	5.664866	6.714935	
46080.000000	1.233750	2.249989	3.223123	3.811260	4.382768	4.973777	5.351596	6.341580	
47520.000000	3.344136	6.064051	8.565070	10.160829	11.731413	13.259511	14.568707	16.789272	
48960.000000	4.381545	8.171986	11.768926	14.028778	16.323182	18.497814	20.421816	23.795098	
50400.000000	2.081637	3.897235	5.656574	6.762844	7.858105	8.925001	9.764419	11.545605	
51840.000000	1.482847	2.685666	3.764565	4.514480	5.171580	5.873499	6.394739	7.379716	
53280.000000	1.032121	1.890962	2.685610	3.215887	3.698315	4.212341	4.569265	5.344808	
54720.000000	0.674653	1.228943	1.742237	2.077176	2.385999	2.720150	2.934909	3.456457	
56160.000000	3.117192	5.639299	7.950909	9.440043	10.898939	12.310770	13.527409	15.566909	
57600.000000	3.085406	5.798389	8.440843	10.058692	11.708141	13.279048	14.590794	17.206615	
59040.000000	2.183794	4.031671	5.820717	6.922343	8.019136	9.085111	9.890242	11.704747	
60480.000000	1.691582	3.087258	4.386656	5.235763	6.022976	6.834785	7.425189	8.672073	
61920.000000	1.580799	2.862502	4.030045	4.817628	5.527062	6.274528	6.819228	7.906549	
63360.000000	1.597910	2.893332	4.077596	4.868393	5.583822	6.337665	6.883932	7.991589	
64800.000000	1.713616	3.093021	4.359679	5.194344	5.958569	6.762533	7.340296	8.523484	
66240.000000	1.410600	2.570843	3.664697	4.369272	5.029884	5.719773	6.201740	7.272255	
67680.000000	0.546201	1.036001	1.500814	1.835747	2.141819	2.466036	2.711197	3.181413	
69120.000000	0.013068	0.032046	0.053316	0.075157	0.097015	0.121021	0.144607	0.177967	
70560.000000	0.002378	0.006021	0.010119	0.014190	0.018205	0.022718	0.027150	0.033286	
72000.000000	0.000686	0.001831	0.003091	0.004261	0.005376	0.006688	0.008014	0.009772	
73440.000000	0.480976	0.879827	1.242358	1.442393	1.636474	1.843342	1.940858	2.306891	
74880.000000	0.663563	1.252297	1.807058	2.164459	2.504247	2.862020	3.094990	3.665685	
76320.000000	0.275023	0.552704	0.824279	1.035970	1.232923	1.439815	1.608902	1.900832	
77760.000000	0.010330	0.019956	0.029836	0.041862	0.053814	0.067482	0.080965	0.100189	
79200.000000	0.009346	0.015907	0.011907	0.011133	0.012745	0.015633	0.018693	0.022944	
80640.000000	0.002068	0.004843	0.005278	0.004735	0.004515	0.005059	0.005903	0.007133	
82080.000000	0.173719	0.333959	0.482332	0.559451	0.634382	0.711995	0.737676	0.890938	
83520.000000	4.944278	9.087005	12.742018	15.174931	17.591329	19.917303	22.029966	24.780622	
84960.000000	2.727712	5.194581	7.647521	9.141902	10.721403	12.206207	13.455406	15.977948	
86400.000000	1.164760	2.133776	3.061037	3.644767	4.201037	4.777856	5.161709	6.101557	
87840.000000	0.230175	0.466501	0.700001	0.887731	1.063203	1.245795	1.399455	1.654655	
89280.000000	0.500883	0.896635	1.252449	1.468513	1.665860	1.882169	2.001186	2.354564	
90720.000000	1.416267	2.617167	3.743760	4.448074	5.122089	5.801541	6.295668	7.377987	
92160.000000	6.648405	12.119381	16.921446	20.205813	23.431894	26.535670	29.327888	32.845198	
93600.000000	6.877025	12.753824	18.199159	21.714924	25.312860	28.717737	31.923999	36.579929	
95040.000000	3.564268	6.746201	9.842129	11.777225	13.786277	15.674746	17.350292	20.362287	
96480.000000	1.875023	3.442624	4.942638	5.878808	6.785163	7.694383	8.350894	9.845431	
97920.000000	0.955450	1.762856	2.513025	3.020617	3.480970	3.968605	4.310897	5.044469	
99360.000000	0.448633	0.827962	1.172558	1.411823	1.626579	1.862508	2.019095	2.373535	
100800.000000	0.501281	0.923994	1.312427	1.575735	1.816701	2.077397	2.249432	2.647258	
102240.000000	0.373404	0.718676	1.038677	1.276367	1.488688	1.715316	1.879350	2.202139	
103680.000000	0.034465	0.084137	0.139022	0.195397	0.251575	0.312042	0.371304	0.452075	
105120.000000	0.003837	0.009602	0.016110	0.022673	0.029198	0.036457	0.043530	0.053455	
106560.000000	0.259267	0.487102	0.693082	0.820199	0.934397	1.059199	1.122746	1.326023	
108000.000000	0.369444	0.708873	1.025600	1.229653	1.429430	1.639689	1.769499	2.110510	
109440.000000	0.036280	0.089023	0.147360	0.207437	0.267406	0.332183	0.395853	0.482949	
110880.000000	0.003907	0.009791	0.016439	0.023150	0.029824	0.037251	0.044488	0.054655	
112320.000000	0.006121	0.003421	0.004598	0.006305	0.008004	0.009975	0.011946	0.014614	
113760.000000	0.002970	0.002081	0.001801	0.002161	0.002644	0.003277	0.003936	0.004769	
115200.000000	0.000922	0.000877	0.000767	0.000828	0.000959	0.001181	0.001425	0.001697	
116640.000000	0.000315	0.000351	0.000330	0.000336	0.000367	0.000451	0.000549	0.000635	
118080.000000	0.000113	0.000144	0.000147	0.000144	0.000147	0.000182	0.000225	0.000249	
119520.000000	0.000042	0.000063	0.000071	0.000066	0.000063	0.000079	0.000099	0.000102	
120960.000000	2.403694	4.410615	6.232786	7.379070	8.501940	9.586557	10.536964	12.105205	
122400.000000	12.201202	20.906985	28.372854	33.913736	39.274545	44.230505	48.640317	53.408388	
123840.000000	4.658674	8.849030	12.864816	15.432869	18.109414	20.623162	22.944951	26.639718	
125280.000000	2.282666	4.173092	5.978234	7.095538	8.192260	9.279379	10.087231	11.872770	
126720.000000	1.629824	3.016606	4.335380	5.183892	5.994410	6.810620	7.415562	8.722925	
128160.000000	0.898870	1.654416	2.348225	2.818715	3.241943	3.694366	4.008865	4.675990	
129600.000000	0.531197	0.968008	1.374704	1.635679	1.884419	2.152794	2.319946	2.747380	
131040.000000	0.725022	1.340619	1.896905	2.283392	2.621581	2.989143	3.242750	3.772032	
132480.000000	0.063963	0.152937	0.247228	0.340544	0.429316	0.521864	0.611552	0.728556	
133920.000000	0.461223	0.840383	1.188450	1.387770	1.577883	1.779463	1.879279	2.234139	
135360.000000	4.195162	7.729027	10.906499	13.029735	15.146429	17.171734	19.078922	21.588016	
136800.000000	4.455544	8.245125	11.822667	14.064158	16.345126	18.517397	20.426315	23.720516	
138240.000000	3.716950	7.036642	10.271491	12.280519	14.362165	16.312648	18.047122	21.167603	
139680.000000	1.211511	2.218807	3.161233	3.790920	4.367996	4.974042	5.405047	6.338519	
141120.000000	0.267216	0.529213	0.781032	0.981787	1.165108	1.359179	1.519247	1.783587	
142560.000000	0.007286	0.017999	0.030084	0.042417	0.054728	0.068271	0.081599	0.100222	
144000.000000	0.397897	0.723997	1.008774	1.186248	1.338274	1.505647	1.598862	1.862141	
145440.000000	6.003523	10.981488	15.328226	18.295075	21.224877	24.039594	26.620240	29.730756	
146880.000000	4.558395	8.598137	12.468630	14.911212	17.435428	19.823079	21.993500	25.631847	
148320.000000	1.883484	3.510753	5.075769	6.066459	7.035131	7.988866	8.716023	10.288317	
149760.000000	1.592229	2.878829	4.043423	4.834339	5.540973	6.290651	6.838760	7.914252	
151200.000000	1.819586	3.293904	4.661364	5.544149	6.366259	7.221352	7.833188	9.126622	
152640.000000	1.492826	2.710143	3.813568	4.573870	5.246495	5.959656	6.489367	7.502284	
154080.000000	1.695872	3.056487	4.300750	5.124091	5.875152	6.666447	7.234799	8.396634	
155520.000000	1.543330	2.807160	3.963416	4.745609	5.451641	6.192387	6.736201	7.808800	
156960.000000	2.250531	4.078105	5.796817	6.864884	7.901848	8.947800	9.710310	11.380231	
158400.000000	1.968355	3.630645	5.225007	6.222868	7.191486	8.152805	8.869739	10.454187	
159840.000000	1.435175	2.612458	3.673139	4.413122	5.060216	5.750050	6.267632	7.232480	
161280.000000	1.486303	2.684714	3.758524	4.499057	5.150694	5.846763	6.356496	7.342504	
162720.000000	1.537668	2.795318	3.951548	4.721942	5.424762	6.164664	6.700511	7.789503	
164160.000000	1.591322	2.909455	4.112131	4.904057	5.639225	6.396648	6.953228	8.080306	
165600.000000	1.437445	2.617032	3.680481	4.410620	5.058613	5.746340	6.253319	7.231427	
167040.000000	1.423828	2.585026	3.623424	4.346105	4.980327	5.655813	6.156183	7.106019	
168480.000000	1.445629	2.628227	3.706913	4.439216	5.098827	5.797434	6.308031	7.319817	
169920.000000	0.987420	1.800013	2.550912	3.039788	3.488935	3.968270	4.286479	5.021049	
171360.000000	0.458454	0.863273	1.235977	1.505296	1.746525	2.004548	2.187529	2.559963	
172800.000000	0.415342	0.777537	1.111309	1.344118	1.554418	1.781925	1.935409	2.273742	
174240.000000	0.046579	0.113001	0.185068	0.258591	0.330929	0.407681	0.483031	0.581770	
175680.000000	0.004269	0.010657	0.017865	0.025158	0.032428	0.040481	0.048407	0.059363	
177120.000000	0.001099	0.002867	0.004831	0.006716	0.008542	0.010643	0.012746	0.015601	
178560.000000	0.249776	0.472777	0.668523	0.793022	0.902131	1.019332	1.082587	1.266178	
180000.000000	1.415290	2.671700	3.830731	4.544375	5.234419	5.925241	6.467848	7.531627	
181440.000000	5.173332	9.519713	13.438746	16.064728	18.682597	21.178788	23.460757	26.572654	
182880.000000	1.850567	3.549011	5.207907	6.279855	7.357608	8.397032	9.269063	10.957360	
184320.000000	0.275677	0.542776	0.793727	0.997829	1.180752	1.375339	1.538201	1.794644	
185760.000000	0.007651	0.018871	0.031504	0.044406	0.057289	0.071444	0.085455	0.104741	
187200.000000	0.006987	0.005081	0.007323	0.010141	0.012962	0.016165	0.019346	0.023716	
188640.000000	0.003998	0.003003	0.002710	0.003278	0.004041	0.005011	0.006009	0.007313	
190080.000000	0.194443	0.366479	0.518139	0.611613	0.690334	0.776846	0.817888	0.957479	
191520.000000	0.027494	0.067325	0.111404	0.156756	0.201969	0.250673	0.298751	0.362978	
192960.000000	1.122242	2.125839	3.054270	3.600456	4.133465	4.667820	5.052729	5.920796	
194400.000000	8.622262	15.710912	21.870663	26.170020	30.394839	34.401398	38.031965	42.305288	
195840.000000	3.308451	6.320859	9.230027	11.099718	13.015944	14.832198	16.480297	19.248385	
197280.000000	1.457553	2.649789	3.721563	4.458310	5.110891	5.802887	6.313479	7.296080	
198720.000000	1.521491	2.765282	3.896628	4.661035	5.348327	6.074238	6.604825	7.655740	
200160.000000	1.609524	2.925045	4.128387	4.928654	5.657277	6.419724	6.975557	8.103051	
201600.000000	1.978392	3.584889	5.083399	6.036206	6.937864	7.864530	8.529369	9.962382	
203040.000000	1.537318	2.822230	4.003323	4.801233	5.523348	6.272224	6.832602	7.946715	
204480.000000	1.385144	2.509977	3.505475	4.212592	4.821301	5.474609	5.964397	6.862863	
205920.000000	1.379850	2.501515	3.504627	4.209688	4.826173	5.485566	5.976711	6.898092	
207360.000000	1.725671	3.158997	4.502625	5.346333	6.156252	6.974493	7.573406	8.869056	
208800.000000	1.578393	2.898927	4.125035	4.939038	5.688335	6.461085	7.039793	8.214805	
210240.000000	2.069733	3.768508	5.366605	6.361463	7.325726	8.294301	9.004455	10.553846	
211680.000000	1.531217	2.809906	3.987533	4.782658	5.503038	6.248842	6.808648	7.927582	
213120.000000	1.398220	2.539170	3.567423	4.278707	4.907849	5.577855	6.072402	7.022152	
214560.000000	1.301082	2.382399	3.352884	4.031044	4.629328	5.261920	5.740223	6.624261	
216000.000000	1.350521	2.493037	3.570674	4.250529	4.900783	5.556277	6.036216	7.080249	
217440.000000	1.621437	2.948560	4.155096	4.974265	5.709172	6.479794	7.053066	8.177078	
218880.000000	1.488734	2.697178	3.775064	4.527832	5.186139	5.889096	6.412796	7.395548	
220320.000000	1.295134	2.366287	3.308682	3.991297	4.571094	5.193203	5.670492	6.510542	
221760.000000	1.382548	2.520888	3.534083	4.244804	4.864574	5.523039	6.016723	6.930583	
223200.000000	1.237489	2.260979	3.152555	3.809782	4.356544	4.947194	5.406101	6.190247	
224640.000000	1.255661	2.285691	3.182912	3.840293	4.387781	4.978321	5.433423	6.221171	
226080.000000	1.279775	2.326133	3.240828	3.905850	4.463599	5.064755	5.525454	6.330329	
227520.000000	1.697451	3.058144	4.297875	5.120978	5.867365	6.654988	7.222568	8.372477	
228960.000000	1.504791	2.732613	3.839187	4.606714	5.280563	5.999095	6.536704	7.545599	
230400.000000	1.215832	2.223531	3.105862	3.758476	4.297506	4.879804	5.335054	6.101863	
231840.000000	1.266795	2.304251	3.209196	3.867433	4.419004	5.012975	5.466863	6.266935	
233280.000000	1.204932	2.202655	3.072387	3.710572	4.241959	4.815864	5.260125	6.028648	
234720.000000	1.281906	2.344466	3.279578	3.952026	4.525376	5.138661	5.607472	6.439978	
236160.000000	1.200524	2.197022	3.060546	3.702268	4.231267	4.802614	5.249804	6.005496	
237600.000000	1.111009	2.039560	2.836693	3.437769	3.923786	4.449325	4.867316	5.553641	
239040.000000	1.522404	2.746261	3.841620	4.591826	5.250149	5.954425	6.466686	7.467930	
240480.000000	1.300536	2.372113	3.312516	3.999466	4.576997	5.199763	5.681024	6.515993	
241920.000000	1.342284	2.434507	3.394186	4.083195	4.668025	5.297338	5.772676	6.629389	
243360.000000	1.485298	2.683956	3.751056	4.497973	5.147147	5.842279	6.359039	7.330402	
244800.000000	1.522240	2.753033	3.852946	4.619664	5.289085	6.005632	6.538711	7.542423	
246240.000000	1.582076	2.858556	4.006845	4.795174	5.490858	6.234112	6.781957	7.832804	
247680.000000	1.635396	2.962299	4.165501	4.981448	5.712965	6.485071	7.052943	8.164284	
249120.000000	1.337399	2.433047	3.395871	4.093773	4.683499	5.318757	5.805915	6.665070	
250560.000000	1.369994	2.492411	3.486092	4.192362	4.800184	5.450453	5.940632	6.836484	
252000.000000	1.295113	2.357137	3.286065	3.963543	4.532205	5.143877	5.615417	6.438451	
253440.000000	1.155906	2.118217	2.948445	3.571096	4.078484	4.627876	5.061451	5.783073	
254880.000000	1.122348	2.057078	2.860767	3.465105	3.953287	4.481939	4.899042	5.593812	
256320.000000	1.023452	1.895299	2.637799	3.210054	3.661603	4.151164	4.552169	5.182746	
257760.000000	1.023877	1.891245	2.627378	3.192659	3.638615	4.121973	4.514625	5.139264	
259200.000000	1.068360	1.960931	2.727340	3.305840	3.764305	4.264476	4.662593	5.316006	
260640.000000	1.111967	2.041468	2.840591	3.441555	3.926453	4.452183	4.870372	5.560118	
262080.000000	1.774448	3.195419	4.503395	5.349880	6.130694	6.948026	7.527377	8.759418	
263520.000000	1.533429	2.786096	3.917874	4.701738	5.391987	6.121615	6.670165	7.708203	
264960.000000	1.209341	2.215218	3.084989	3.738064	4.272490	4.849947	5.309793	6.069075	
266400.000000	1.149442	2.109636	2.933818	3.555047	4.057298	4.600853	5.033605	5.745119	
267840.000000	1.434194	2.588019	3.607457	4.327763	4.946203	5.609801	6.104793	7.023043	
269280.000000	1.246871	2.274933	3.166767	3.830507	4.377873	4.967479	5.431533	6.213847	
270720.000000	1.301364	2.365198	3.294298	3.971868	4.538161	5.147877	5.618554	6.438565	
272160.000000	1.235780	2.256119	3.140047	3.795532	4.335403	4.919504	5.375576	6.148257	
273600.000000	1.266655	2.304328	3.205523	3.866478	4.414172	5.005616	5.462246	6.253929	
275040.000000	1.436082	2.595785	3.620701	4.349384	4.974377	5.645397	6.150565	7.072661	
276480.000000	1.552595	2.801157	3.917203	4.693095	5.372760	6.097808	6.637007	7.656913	
277920.000000	1.193168	2.189336	3.051397	3.699744	4.228596	4.800004	5.258447	6.008381	
279360.000000	1.068681	1.971307	2.739386	3.327461	3.792591	4.296715	4.706148	5.358335	
280800.000000	1.195454	2.183245	3.036085	3.669575	4.186809	4.747130	5.185177	5.926704	
282240.000000	1.201417	2.194300	3.051162	3.689375	4.209883	4.773263	5.214975	5.960868	
283680.000000	1.228403	2.240604	3.117199	3.765040	4.298295	4.874499	5.323618	6.089003	
285120.000000	1.336909	2.424827	3.376979	4.065329	4.644588	5.267971	5.743804	6.590339	
286560.000000	1.256672	2.294601	3.199535	3.865746	4.420859	5.017924	5.484015	6.284321	
288000.000000	1.292883	2.351353	3.274041	3.947991	4.510282	5.116070	5.582088	6.397324	
289440.000000	1.356466	2.459125	3.427182	4.125512	4.715236	5.349622	5.833263	6.695102	
290880.000000	0.999495	1.862161	2.591884	3.164158	3.610143	4.091403	4.496489	5.109307	
292320.000000	0.970499	1.807478	2.510813	3.061963	3.485860	3.944083	4.329354	4.913683	
293760.000000	0.989742	1.839155	2.553971	3.111740	3.541476	4.008140	4.396669	4.993129	
295200.000000	0.964055	1.794859	2.493069	3.039863	3.458574	3.913095	4.294865	4.874027	
296640.000000	1.045694	1.932023	2.684129	3.261624	3.715460	4.208233	4.609394	5.246055	
298080.000000	1.022051	1.893795	2.631053	3.202378	3.648208	4.130416	4.528563	5.149531	
299520.000000	1.023602	1.895248	2.632851	3.201449	3.645776	4.126740	4.522762	5.142602	
300960.000000	0.984405	1.832730	2.547745	3.105578	3.538121	4.004939	4.396717	4.994243	
302400.000000	1.271548	2.308641	3.209129	3.864239	4.407496	4.994941	5.443033	6.234212	
303840.000000	1.135282	2.085433	2.900109	3.516526	4.012320	4.548608	4.977768	5.679115	
305280.000000	1.142899	2.097317	2.916370	3.533006	4.030360	4.568244	4.995459	5.701579	
306720.000000	1.142773	2.098363	2.918874	3.536306	4.034435	4.572749	5.001712	5.708975	
308160.000000	1.051483	1.943354	2.702286	3.284171	3.743809	4.240688	4.646244	5.292529	
309600.000000	1.039678	1.920750	2.669977	3.244665	3.697060	4.186517	4.585594	5.221228	
311040.000000	1.299206	2.357923	3.282447	3.947073	4.504271	5.105241	5.558633	6.376727	
312480.000000	0.946608	1.777183	2.477742	3.031609	3.458821	3.920113	4.314399	4.900067	
313920.000000	0.945711	1.764074	2.452079	2.989639	3.402248	3.847665	4.221390	4.791271	
