1440.000000	3.560018	3.463850	3.475998	3.453521	3.510073	3.495210	3.407380	3.488902	
2880.000000	3.608519	3.780888	3.751369	3.791749	3.763730	3.746186	3.796142	3.811185	
4320.000000	3.505096	3.754250	3.701591	3.776826	3.707343	3.687673	3.812566	3.789063	
5760.000000	3.446941	3.698118	3.643397	3.727779	3.647616	3.630239	3.780247	3.743104	
7200.000000	3.417682	3.650524	3.603035	3.684267	3.607172	3.593745	3.744454	3.707254	
8640.000000	3.404340	3.615441	3.577523	3.650788	3.581040	3.571761	3.713436	3.681000	
10080.000000	3.399492	3.588082	3.558785	3.621318	3.559811	3.553902	3.680943	3.654256	
11520.000000	3.400901	3.571363	3.551725	3.604343	3.551597	3.549681	3.662208	3.643401	
12960.000000	3.405083	3.560271	3.549627	3.593338	3.548331	3.550303	3.649901	3.638517	
14400.000000	3.411271	3.553530	3.551413	3.587218	3.549245	3.555029	3.643000	3.638883	
15840.000000	3.419127	3.551341	3.557720	3.587265	3.555596	3.565442	3.644323	3.647349	
17280.000000	3.426546	3.547317	3.559828	3.582678	3.556019	3.568538	3.638210	3.646605	
18720.000000	3.436628	3.547794	3.566858	3.584014	3.562878	3.578272	3.639253	3.654138	
20160.000000	3.451045	3.561714	3.591372	3.607973	3.592923	3.613707	3.673828	3.697928	
21600.000000	3.464562	3.575400	3.613610	3.630818	3.619438	3.644823	3.707622	3.737681	
23040.000000	3.473744	3.575093	3.615608	3.628361	3.618729	3.644995	3.702642	3.735248	
24480.000000	3.484164	3.575166	3.618036	3.625283	3.619287	3.646445	3.695012	3.732316	
25920.000000	3.495015	3.577680	3.623431	3.626038	3.624279	3.652643	3.692605	3.735773	
27360.000000	3.504806	3.580287	3.628260	3.627078	3.628840	3.658074	3.691039	3.739471	
28800.000000	3.513597	3.581951	3.631258	3.626407	3.631327	3.660944	3.686962	3.740125	
30240.000000	3.523163	3.588308	3.640555	3.634279	3.642558	3.673439	3.695719	3.754987	
31680.000000	3.530818	3.592818	3.646740	3.639720	3.649894	3.681307	3.702059	3.765702	
33120.000000	3.535763	3.590728	3.643422	3.633599	3.644960	3.675318	3.691375	3.757024	
34560.000000	3.541508	3.593641	3.647576	3.636814	3.650631	3.681278	3.694337	3.764894	
36000.000000	3.548375	3.601997	3.659072	3.650205	3.666239	3.698300	3.713203	3.789450	
37440.000000	3.553979	3.607160	3.665498	3.658253	3.674936	3.707398	3.725217	3.804398	
38880.000000	3.557843	3.604509	3.660564	3.651435	3.668350	3.699322	3.714281	3.793898	
40320.000000	3.562363	3.604181	3.659410	3.648678	3.667322	3.697492	3.708746	3.791337	
41760.000000	3.567757	3.607705	3.663656	3.652774	3.673568	3.703757	3.713230	3.800240	
43200.000000	3.574664	3.616106	3.674334	3.665449	3.688174	3.719275	3.730737	3.822747	
44640.000000	3.578836	3.617852	3.675377	3.666887	3.689738	3.720088	3.732737	3.826524	
46080.000000	3.583100	3.614209	3.668757	3.657136	3.680829	3.709045	3.716211	3.811268	
47520.000000	3.593145	3.623874	3.680365	3.669289	3.696484	3.725452	3.730797	3.831486	
48960.000000	3.609979	3.659195	3.726007	3.726311	3.757358	3.792718	3.814747	3.923202	
50400.000000	3.613650	3.663721	3.728804	3.731259	3.758913	3.793251	3.822752	3.929009	
51840.000000	3.615521	3.652017	3.711029	3.706290	3.733856	3.764160	3.782727	3.888982	
53280.000000	3.619229	3.646561	3.703408	3.692617	3.723843	3.752113	3.758815	3.871059	
54720.000000	3.622128	3.641653	3.696481	3.680553	3.715049	3.741232	3.737870	3.856159	
56160.000000	3.631034	3.651533	3.708825	3.692995	3.731821	3.758753	3.752146	3.878497	
57600.000000	3.643920	3.682452	3.748663	3.743365	3.784856	3.817163	3.826520	3.960470	
59040.000000	3.646051	3.683860	3.747250	3.742853	3.781125	3.811743	3.825517	3.957618	
60480.000000	3.649362	3.681427	3.741661	3.734575	3.772915	3.801614	3.811156	3.944107	
61920.000000	3.653314	3.680335	3.738435	3.728470	3.768582	3.795934	3.799427	3.935245	
63360.000000	3.657505	3.682142	3.739355	3.727931	3.770027	3.796666	3.796119	3.935779	
64800.000000	3.661703	3.685935	3.742786	3.731321	3.774800	3.801070	3.799097	3.942097	
66240.000000	3.665021	3.688515	3.744459	3.733144	3.777211	3.802782	3.800393	3.945633	
67680.000000	3.666659	3.686001	3.739130	3.726403	3.770513	3.794213	3.789548	3.935609	
69120.000000	3.667417	3.678471	3.727100	3.710544	3.755094	3.775634	3.764787	3.911566	
70560.000000	3.670624	3.676648	3.722608	3.703625	3.749460	3.767807	3.751570	3.901024	
72000.000000	3.674471	3.678498	3.722450	3.702901	3.749338	3.766039	3.747638	3.899311	
73440.000000	3.679060	3.683410	3.725883	3.707187	3.753578	3.769046	3.751068	3.904463	
74880.000000	3.684520	3.693060	3.735412	3.720159	3.766009	3.781438	3.768275	3.923042	
76320.000000	3.688408	3.699434	3.740209	3.727776	3.771886	3.786527	3.778638	3.932344	
77760.000000	3.690246	3.698297	3.735067	3.722210	3.764457	3.776585	3.769266	3.920729	
79200.000000	3.693498	3.699945	3.734180	3.721081	3.762776	3.773184	3.765227	3.916579	
80640.000000	3.696835	3.703051	3.735380	3.722653	3.763850	3.772983	3.765258	3.916796	
82080.000000	3.700314	3.707320	3.738174	3.726320	3.766863	3.775019	3.768343	3.920095	
83520.000000	3.711460	3.729208	3.764902	3.759487	3.802101	3.813505	3.814473	3.969446	
84960.000000	3.726459	3.777577	3.826430	3.841145	3.882916	3.904098	3.939794	4.094615	
86400.000000	3.721713	3.760865	3.799873	3.809880	3.843499	3.858998	3.893246	4.038044	
87840.000000	3.722839	3.749126	3.783297	3.785797	3.820848	3.833351	3.854600	4.000115	
89280.000000	3.725590	3.743197	3.775203	3.771181	3.809701	3.820409	3.828578	3.978562	
90720.000000	3.731841	3.751828	3.786268	3.781983	3.823911	3.835988	3.840091	3.996120	
92160.000000	3.745205	3.781459	3.824894	3.829073	3.874909	3.892974	3.907068	4.068841	
93600.000000	3.764762	3.841637	3.902577	3.930411	3.976942	4.007962	4.062503	4.223118	
95040.000000	3.766953	3.849867	3.910798	3.943580	3.983158	4.015155	4.085815	4.237914	
96480.000000	3.762508	3.820542	3.871691	3.889916	3.927993	3.953615	4.002274	4.153258	
97920.000000	3.764319	3.805104	3.853583	3.859217	3.903694	3.927064	3.951156	4.111213	
99360.000000	3.766024	3.794736	3.841547	3.837574	3.887975	3.909715	3.914591	4.083374	
100800.000000	3.769446	3.793299	3.840268	3.831494	3.886265	3.907567	3.901399	4.077977	
102240.000000	3.772437	3.795378	3.842326	3.832162	3.888703	3.909695	3.899654	4.080730	
103680.000000	3.773814	3.795375	3.840687	3.829915	3.886246	3.906048	3.895046	4.077390	
105120.000000	3.775086	3.794607	3.837564	3.826167	3.881625	3.899657	3.888031	4.070446	
106560.000000	3.777453	3.796793	3.838108	3.827311	3.881826	3.898562	3.887954	4.070540	
108000.000000	3.780163	3.801513	3.841766	3.833219	3.886345	3.902427	3.895726	4.077967	
109440.000000	3.781854	3.804240	3.842528	3.836005	3.886990	3.901973	3.899738	4.080015	
110880.000000	3.782967	3.803989	3.839333	3.833220	3.882051	3.895136	3.894818	4.072637	
112320.000000	3.784373	3.804981	3.838139	3.832706	3.879963	3.891660	3.893005	4.069255	
113760.000000	3.785573	3.806383	3.837707	3.833046	3.878822	3.889328	3.892785	4.067320	
115200.000000	3.786198	3.807765	3.837737	3.833201	3.878109	3.887459	3.893094	4.065388	
116640.000000	3.786899	3.808905	3.837590	3.832842	3.877821	3.886815	3.893442	4.064822	
118080.000000	3.788081	3.810212	3.837175	3.831500	3.877909	3.886856	3.894214	4.064946	
119520.000000	3.789065	3.811631	3.837437	3.831027	3.878116	3.886617	3.895512	4.065355	
120960.000000	3.793282	3.820222	3.847963	3.844128	3.892583	3.901520	3.914714	4.085586	
122400.000000	3.816440	3.875785	3.920910	3.936631	3.990774	4.010792	4.050768	4.226267	
123840.000000	3.835309	3.948954	4.011693	4.060004	4.107940	4.142653	4.240986	4.401121	
125280.000000	3.818084	3.896741	3.943636	3.974889	4.012472	4.036526	4.117072	4.268282	
126720.000000	3.819679	3.876024	3.922017	3.939078	3.984535	4.006872	4.059594	4.214846	
128160.000000	3.820206	3.862484	3.908270	3.914614	3.966935	3.988431	4.019147	4.179336	
129600.000000	3.820380	3.853328	3.899149	3.898022	3.955410	3.976314	3.991360	4.163398	
131040.000000	3.822773	3.853302	3.900756	3.896858	3.957521	3.978963	3.986332	4.168090	
132480.000000	3.822744	3.851595	3.898626	3.893691	3.954618	3.975668	3.980615	4.165096	
133920.000000	3.823100	3.849185	3.894887	3.888671	3.949085	3.968940	3.971449	4.160170	
135360.000000	3.831235	3.866208	3.916912	3.916411	3.978515	4.001526	4.010830	4.198574	
136800.000000	3.843722	3.906834	3.969321	3.986242	4.046792	4.077943	4.117300	4.269873	
138240.000000	3.849134	3.922743	3.987882	4.012932	4.068230	4.101713	4.158870	4.279700	
139680.000000	3.843792	3.902551	3.959299	3.977064	4.027690	4.056245	4.105242	4.230523	
141120.000000	3.842264	3.884690	3.936283	3.943958	3.997201	4.022406	4.053482	4.211705	
142560.000000	3.842090	3.873386	3.922362	3.922266	3.979194	4.002176	4.018401	4.204168	
144000.000000	3.843963	3.871534	3.920088	3.916806	3.976156	3.998341	4.007097	4.206113	
145440.000000	3.854773	3.894071	3.949506	3.952610	4.015565	4.042119	4.057451	4.249760	
146880.000000	3.872181	3.952805	4.025296	4.053115	4.115133	4.153956	4.211913	4.317407	
148320.000000	3.864728	3.933560	3.996520	4.020261	4.072293	4.105134	4.164824	4.265467	
149760.000000	3.864409	3.917538	3.975566	3.990260	4.043844	4.073260	4.117707	4.256253	
151200.000000	3.866538	3.913639	3.971901	3.981679	4.039431	4.068487	4.102448	4.261004	
152640.000000	3.867649	3.912771	3.971504	3.979363	4.039199	4.068267	4.098016	4.261366	
154080.000000	3.868064	3.911815	3.970327	3.977256	4.037950	4.066821	4.094645	4.261424	
155520.000000	3.868291	3.912192	3.970747	3.978102	4.038896	4.067829	4.096393	4.261411	
156960.000000	3.869293	3.914326	3.973326	3.981931	4.042705	4.072005	4.102611	4.265446	
158400.000000	3.870761	3.918762	3.979072	3.990370	4.050634	4.080774	4.116377	4.269462	
159840.000000	3.870099	3.915019	3.972859	3.983772	4.042518	4.071573	4.107735	4.263761	
161280.000000	3.869656	3.911310	3.967263	3.977089	4.035768	4.063960	4.098405	4.262485	
162720.000000	3.869805	3.910884	3.966443	3.976485	4.035455	4.063615	4.098140	4.264074	
164160.000000	3.869834	3.910416	3.965416	3.975927	4.034747	4.062740	4.098254	4.264561	
165600.000000	3.869674	3.909764	3.963921	3.975069	4.033378	4.061124	4.098037	4.263855	
167040.000000	3.868949	3.908198	3.961222	3.972692	4.030546	4.057907	4.095629	4.262828	
168480.000000	3.867746	3.906749	3.958978	3.970950	4.028489	4.055648	4.094367	4.262061	
169920.000000	3.865235	3.901952	3.952422	3.963818	4.020703	4.046968	4.085519	4.256394	
171360.000000	3.862927	3.894588	3.942466	3.951857	4.008671	4.033426	4.069342	4.250055	
172800.000000	3.862281	3.890019	3.936048	3.943764	4.001160	4.024747	4.057821	4.247661	
174240.000000	3.861690	3.887169	3.931511	3.938520	3.996002	4.018600	4.050638	4.244399	
175680.000000	3.860865	3.883417	3.925350	3.931162	3.988179	4.009193	4.039802	4.239720	
177120.000000	3.860577	3.882122	3.922287	3.927901	3.984401	4.004305	4.034785	4.237188	
178560.000000	3.860376	3.882591	3.921402	3.927715	3.983349	4.002479	4.034301	4.235852	
180000.000000	3.861688	3.888291	3.927608	3.936879	3.991906	4.011651	4.048045	4.242341	
181440.000000	3.870469	3.914475	3.961636	3.981275	4.037357	4.062527	4.114482	4.277966	
182880.000000	3.874816	3.940506	3.993809	4.027167	4.078807	4.109473	4.188386	4.285840	
184320.000000	3.865269	3.912642	3.954915	3.979123	4.025241	4.049563	4.118273	4.252832	
185760.000000	3.862294	3.895908	3.934352	3.949393	3.998878	4.020534	4.072888	4.247611	
187200.000000	3.861558	3.889761	3.927673	3.937894	3.990880	4.011899	4.054093	4.246806	
188640.000000	3.860996	3.887796	3.925515	3.933864	3.988368	4.009181	4.047179	4.245196	
190080.000000	3.860796	3.888087	3.925555	3.933685	3.988307	4.008983	4.046318	4.244324	
191520.000000	3.860306	3.889290	3.926356	3.935572	3.989401	4.010110	4.049610	4.242699	
192960.000000	3.861156	3.892280	3.929313	3.939835	3.992814	4.013640	4.055603	4.246099	
194400.000000	3.877339	3.933079	3.983133	4.007715	4.064612	4.094298	4.155163	4.305345	
195840.000000	3.888717	3.984919	4.048305	4.097302	4.148431	4.189075	4.295792	4.323583	
197280.000000	3.875307	3.944974	3.993640	4.029224	4.071607	4.103412	4.195818	4.283940	
198720.000000	3.874343	3.929488	3.976727	4.001994	4.050134	4.080840	4.153289	4.288717	
200160.000000	3.874056	3.924562	3.973607	3.993762	4.047051	4.078708	4.139986	4.291647	
201600.000000	3.874388	3.925129	3.976755	3.995458	4.051756	4.085018	4.142361	4.295406	
203040.000000	3.873782	3.924894	3.977858	3.996278	4.053502	4.087740	4.144568	4.294891	
204480.000000	3.871626	3.920226	3.972298	3.989289	4.046601	4.080640	4.135579	4.291193	
205920.000000	3.869482	3.916980	3.968947	3.985256	4.043004	4.077216	4.131069	4.289448	
207360.000000	3.867642	3.914556	3.966693	3.982806	4.040834	4.075264	4.128966	4.289312	
208800.000000	3.867413	3.916631	3.970419	3.988376	4.046540	4.082031	4.139022	4.291726	
210240.000000	3.866809	3.915836	3.969435	3.988005	4.045610	4.081246	4.139953	4.293071	
211680.000000	3.866450	3.916280	3.970250	3.990033	4.047188	4.083284	4.144680	4.293291	
213120.000000	3.864607	3.911189	3.963249	3.981869	4.038514	4.073843	4.134042	4.290684	
214560.000000	3.862850	3.907398	3.958613	3.976374	4.033371	4.068392	4.127309	4.289346	
216000.000000	3.860505	3.902921	3.953159	3.969991	4.027181	4.061714	4.119424	4.286864	
217440.000000	3.860599	3.904933	3.956571	3.974809	4.032699	4.068128	4.127782	4.290500	
218880.000000	3.859027	3.903626	3.954509	3.973550	4.030620	4.065990	4.127624	4.287876	
220320.000000	3.856505	3.899862	3.949584	3.968424	4.025077	4.060032	4.121895	4.284774	
221760.000000	3.853180	3.895945	3.944959	3.963638	4.020266	4.054989	4.116780	4.281556	
223200.000000	3.848276	3.891057	3.939333	3.958173	4.014483	4.049015	4.111371	4.275674	
224640.000000	3.841692	3.884294	3.931667	3.950499	4.006413	4.040628	4.103264	4.268273	
226080.000000	3.833797	3.876676	3.923405	3.942460	3.997999	4.032060	4.095299	4.259932	
227520.000000	3.826096	3.870322	3.917343	3.937245	3.992683	4.027130	4.091759	4.254595	
228960.000000	3.819135	3.864261	3.911602	3.932532	3.987648	4.022525	4.089220	4.248651	
230400.000000	3.812269	3.855268	3.901587	3.922029	3.976858	4.011318	4.077766	4.239834	
231840.000000	3.804879	3.846231	3.891791	3.911394	3.966492	4.000632	4.065765	4.232175	
233280.000000	3.796136	3.837133	3.882235	3.901520	3.956782	3.990846	4.055447	4.224028	
234720.000000	3.786615	3.827834	3.872691	3.892034	3.947333	3.981451	4.046120	4.216779	
236160.000000	3.775889	3.817360	3.861763	3.881293	3.936296	3.970372	4.035504	4.206871	
237600.000000	3.762942	3.804178	3.847678	3.867014	3.921547	3.955286	4.020339	4.192897	
239040.000000	3.748655	3.791241	3.834756	3.854536	3.908892	3.942863	4.008462	4.183719	
240480.000000	3.734555	3.778088	3.821709	3.842294	3.896258	3.930580	3.997653	4.176071	
241920.000000	3.721177	3.763414	3.806559	3.826848	3.880686	3.914862	3.981630	4.164508	
243360.000000	3.709062	3.750889	3.794320	3.814618	3.868846	3.903328	3.969896	4.154325	
244800.000000	3.698385	3.739937	3.783855	3.804352	3.858991	3.893904	3.960629	4.144693	
246240.000000	3.689382	3.730176	3.774509	3.795018	3.850160	3.885432	3.952017	4.135330	
247680.000000	3.682235	3.722393	3.767343	3.787906	3.843755	3.879487	3.945887	4.128820	
249120.000000	3.675285	3.713773	3.758418	3.778486	3.834712	3.870399	3.935983	4.117991	
250560.000000	3.668256	3.704986	3.749222	3.768408	3.825311	3.860849	3.924653	4.106370	
252000.000000	3.661346	3.697312	3.741392	3.760226	3.817719	3.853300	3.916101	4.097685	
253440.000000	3.653815	3.688685	3.732179	3.750509	3.808313	3.843658	3.905376	4.086527	
254880.000000	3.644791	3.679125	3.721935	3.739871	3.797815	3.832864	3.893665	4.074314	
256320.000000	3.632575	3.667432	3.709415	3.727326	3.784974	3.819701	3.880300	4.059930	
257760.000000	3.615339	3.651583	3.692426	3.710522	3.767310	3.801577	3.862485	4.040268	
259200.000000	3.593098	3.631528	3.671334	3.690017	3.745594	3.779524	3.841442	4.016812	
260640.000000	3.568245	3.608579	3.647719	3.667180	3.721622	3.755433	3.818682	3.991574	
262080.000000	3.544603	3.587129	3.627070	3.647772	3.701871	3.736299	3.801260	3.973026	
263520.000000	3.524156	3.567664	3.608774	3.630884	3.684741	3.719992	3.787341	3.957950	
264960.000000	3.506078	3.545943	3.586387	3.607638	3.661456	3.696359	3.762678	3.931653	
266400.000000	3.489301	3.525595	3.565611	3.585314	3.639922	3.674473	3.738029	3.906877	
267840.000000	3.473116	3.508413	3.548940	3.567992	3.623625	3.658452	3.720260	3.889948	
269280.000000	3.457221	3.492161	3.533063	3.552060	3.608178	3.643307	3.704696	3.874564	
270720.000000	3.441828	3.475696	3.516600	3.535203	3.591695	3.626846	3.687335	3.857216	
272160.000000	3.426797	3.459860	3.500775	3.519121	3.575973	3.611182	3.670964	3.840915	
273600.000000	3.411445	3.443933	3.484738	3.502845	3.559946	3.595147	3.654253	3.824207	
275040.000000	3.396302	3.429237	3.470406	3.488798	3.546217	3.581745	3.640870	3.811129	
276480.000000	3.382580	3.416005	3.457816	3.476806	3.534546	3.570574	3.630301	3.800916	
277920.000000	3.369324	3.401572	3.443114	3.462020	3.519788	3.555752	3.615368	3.785607	
279360.000000	3.354330	3.384602	3.425100	3.443025	3.500825	3.536188	3.594148	3.763932	
280800.000000	3.336634	3.367324	3.407403	3.425084	3.482983	3.518225	3.575324	3.745112	
282240.000000	3.317240	3.348844	3.388636	3.406579	3.464274	3.499533	3.556750	3.726137	
283680.000000	3.298065	3.329930	3.369566	3.387776	3.445331	3.480638	3.538055	3.707027	
285120.000000	3.280258	3.311987	3.351785	3.370262	3.427951	3.463444	3.521006	3.689925	
286560.000000	3.263852	3.294845	3.334781	3.353351	3.411291	3.446927	3.504450	3.673409	
288000.000000	3.248391	3.278379	3.318338	3.336766	3.395036	3.430703	3.487774	3.656860	
289440.000000	3.233196	3.262848	3.302994	3.321441	3.380098	3.415927	3.472707	3.642133	
290880.000000	3.216589	3.245277	3.284811	3.302890	3.361500	3.397020	3.453234	3.622228	
292320.000000	3.196052	3.224457	3.262921	3.280352	3.338655	3.373588	3.428705	3.596988	
293760.000000	3.170370	3.200582	3.238201	3.255694	3.313335	3.347960	3.403030	3.570285	
295200.000000	3.140163	3.172583	3.209307	3.227180	3.283750	3.318082	3.373806	3.539377	
296640.000000	3.107357	3.141876	3.178051	3.196503	3.252058	3.286299	3.342972	3.506825	
298080.000000	3.073797	3.109264	3.145031	3.163871	3.218602	3.252758	3.310160	3.472330	
299520.000000	3.039811	3.075415	3.110868	3.129779	3.183942	3.217986	3.275596	3.436305	
300960.000000	3.005459	3.040926	3.076221	3.095077	3.148886	3.182873	3.240441	3.399940	
302400.000000	2.971650	3.007346	3.043039	3.062009	3.115806	3.150048	3.207615	3.366503	
303840.000000	2.939721	2.975018	3.011275	3.030456	3.084370	3.118977	3.176817	3.335163	
305280.000000	2.910369	2.943719	2.980333	2.999078	3.053394	3.088112	3.145177	3.303276	
306720.000000	2.883586	2.914853	2.952014	2.970215	3.025285	3.060200	3.116138	3.274554	
308160.000000	2.858212	2.887310	2.924783	2.942272	2.998065	3.033028	3.087609	3.246359	
309600.000000	2.832898	2.860451	2.898068	2.914871	2.971261	3.006199	3.059422	3.218478	
311040.000000	2.807551	2.835217	2.873432	2.890180	2.947146	2.982423	3.035084	3.194707	
312480.000000	2.782038	2.809515	2.847898	2.864729	2.921822	2.957243	3.009940	3.169369	
313920.000000	2.754806	2.781249	2.818969	2.835158	2.892083	2.927063	2.978759	3.137496	
