1440.000000	-6.474658	-8.977820	-9.248551	-11.076159	-11.318504	-12.572637	-12.141844	-18.040936	
2880.000000	-12.973026	-18.289584	-19.767821	-21.929926	-23.844769	-24.774959	-23.751711	-38.945867	
4320.000000	-16.839013	-23.711380	-25.261857	-26.440799	-28.503399	-29.477590	-28.830094	-45.015000	
5760.000000	-22.336562	-32.475774	-36.800597	-32.499565	-38.843328	-35.881150	-36.682857	-60.892763	
7200.000000	-28.406280	-41.743180	-47.441353	-40.204868	-49.835886	-44.949270	-46.356932	-79.097451	
8640.000000	-17.732628	-24.993652	-27.170654	-27.307089	-30.283809	-29.899272	-29.666699	-46.512764	
10080.000000	-16.399674	-22.248139	-23.618527	-25.531045	-27.951165	-27.797972	-27.581251	-43.102614	
11520.000000	-18.282559	-25.609188	-27.800717	-28.345428	-31.423966	-31.644246	-30.947611	-48.577508	
12960.000000	-16.736789	-22.118610	-23.373036	-24.128607	-26.754211	-26.663016	-26.376641	-40.051064	
14400.000000	-20.523893	-29.285221	-31.957070	-30.834204	-35.357797	-35.090363	-34.633976	-55.977673	
15840.000000	-21.113682	-30.670421	-34.228462	-31.408113	-36.241797	-35.389479	-35.138310	-56.958540	
17280.000000	-16.561885	-22.858180	-25.346693	-22.349520	-28.141139	-25.182821	-25.135036	-40.460936	
18720.000000	-38.560546	-56.652014	-65.199167	-53.894960	-70.385533	-61.006807	-62.991031	-108.242377	
20160.000000	-58.836769	-90.687250	-108.225183	-83.673767	-112.987752	-93.576186	-99.323926	-179.062312	
21600.000000	-47.333744	-76.720815	-92.610912	-69.523896	-96.900674	-79.434360	-84.183186	-154.465320	
23040.000000	-32.802825	-50.752703	-59.653044	-47.356163	-61.258360	-52.500353	-55.954469	-99.378430	
24480.000000	-28.159401	-42.665541	-49.281902	-40.313118	-50.441418	-45.041107	-46.521745	-80.489510	
25920.000000	-28.228191	-42.621495	-48.888179	-40.478890	-50.686116	-45.807700	-46.939410	-79.815692	
27360.000000	-19.402139	-28.023949	-30.848928	-29.854384	-33.653453	-32.546891	-33.103935	-51.408801	
28800.000000	-20.805203	-29.773195	-32.431475	-30.953320	-35.116697	-35.088197	-34.920797	-56.131646	
30240.000000	-30.586664	-45.662854	-52.239667	-43.387982	-54.719004	-49.122133	-50.179114	-86.429636	
31680.000000	-17.909523	-25.577030	-27.983861	-26.104727	-30.683215	-28.537748	-29.384570	-47.153111	
33120.000000	-14.708558	-18.955012	-19.357617	-20.593505	-22.014012	-22.308560	-21.713404	-33.380399	
34560.000000	-25.904692	-37.661964	-42.131770	-36.927737	-45.207066	-42.448849	-42.168670	-70.739350	
36000.000000	-37.847922	-58.186517	-68.472568	-54.210356	-71.346942	-60.906958	-63.805629	-113.419417	
37440.000000	-23.052454	-35.657093	-41.315148	-35.329371	-43.196014	-38.771454	-41.053356	-68.707139	
38880.000000	-17.882085	-25.094123	-26.848470	-28.394607	-30.855877	-31.557198	-30.835664	-47.419321	
40320.000000	-17.049153	-23.843394	-25.714088	-27.413770	-29.403807	-30.700168	-29.952078	-46.666292	
41760.000000	-27.237662	-40.386668	-45.903267	-39.003182	-48.729572	-44.361992	-45.159788	-77.154543	
43200.000000	-38.052512	-59.052975	-69.810720	-54.763117	-72.471160	-61.404609	-64.622603	-115.425801	
44640.000000	-14.741141	-21.218301	-24.817116	-20.918670	-27.542150	-22.416992	-23.722359	-42.225635	
46080.000000	-15.266430	-20.933618	-24.629154	-21.238857	-27.391844	-23.505296	-23.661507	-41.500889	
47520.000000	-80.856679	-119.611571	-140.724140	-111.929216	-148.605369	-124.034147	-131.103820	-235.451718	
48960.000000	-100.618741	-160.059871	-193.113659	-145.303703	-203.020509	-165.337428	-172.948482	-317.284801	
50400.000000	-30.651966	-49.776863	-59.336736	-45.972778	-62.449655	-53.835038	-55.366169	-99.815999	
51840.000000	-17.167630	-24.125314	-26.077884	-27.078152	-29.450210	-30.557988	-29.628332	-45.667264	
53280.000000	-11.909994	-15.253291	-16.533707	-15.444900	-19.672468	-16.224656	-16.637241	-28.232055	
54720.000000	-7.061014	-9.369598	-11.032695	-9.858464	-11.902304	-10.231191	-11.175190	-17.944511	
56160.000000	-75.692336	-111.644740	-131.315898	-105.258971	-138.500661	-116.233049	-122.154242	-220.308762	
57600.000000	-57.061227	-93.608518	-113.614920	-84.299715	-118.778993	-96.613295	-102.481810	-188.464326	
59040.000000	-32.939203	-51.444962	-60.503136	-47.882506	-62.796594	-53.776524	-57.160935	-101.585221	
60480.000000	-21.886183	-31.977082	-36.069561	-32.597117	-37.754681	-36.140700	-36.189315	-59.698003	
61920.000000	-19.779699	-27.811329	-30.143796	-29.754606	-33.594205	-33.264064	-32.993541	-51.769028	
63360.000000	-20.267253	-28.473178	-30.869273	-29.737890	-34.773788	-33.674186	-33.552877	-52.924768	
64800.000000	-21.678309	-31.138782	-34.137844	-32.351005	-36.870987	-36.512877	-36.340305	-58.450250	
66240.000000	-16.328794	-23.555075	-27.028933	-24.195730	-29.447285	-27.176894	-27.486174	-45.063509	
67680.000000	-5.317272	-6.809438	-7.733350	-6.654732	-8.468012	-7.506460	-7.493603	-12.284269	
69120.000000	-0.000360	-0.003345	-0.001238	-0.003703	-0.001335	-0.007980	-0.007617	-0.006280	
70560.000000	-0.000034	-0.000334	-0.000118	-0.000372	-0.000127	-0.000831	-0.000792	-0.000628	
72000.000000	-0.000010	-0.000097	-0.000034	-0.000108	-0.000037	-0.000244	-0.000232	-0.000182	
73440.000000	-5.533046	-7.584615	-8.883909	-8.960845	-10.239569	-9.883015	-9.375308	-17.830584	
74880.000000	-6.224079	-9.415389	-10.456047	-9.949565	-12.058446	-11.697331	-11.393605	-19.968351	
76320.000000	-1.859574	-2.620450	-3.136601	-2.717373	-3.363302	-3.381938	-3.514595	-6.108713	
77760.000000	-0.023353	-0.018382	-0.000486	-0.001505	-0.000528	-0.004817	-0.003145	-0.002556	
79200.000000	-0.001661	-0.006404	-0.000077	-0.000244	-0.000083	-0.000661	-0.000521	-0.000413	
80640.000000	-0.000055	-0.000429	-0.000025	-0.000082	-0.000028	-0.000210	-0.000176	-0.000138	
82080.000000	-1.730124	-2.328519	-3.786137	-2.687311	-4.007919	-2.701789	-2.817269	-6.250603	
83520.000000	-169.739990	-263.892501	-316.459450	-241.319744	-332.059416	-270.213042	-286.422368	-533.420271	
84960.000000	-50.831150	-85.537520	-108.309763	-75.340897	-114.849803	-88.719564	-91.066362	-177.586948	
86400.000000	-13.858696	-18.932400	-22.182955	-19.051833	-24.755064	-20.041547	-20.881805	-36.045612	
87840.000000	-1.539567	-2.168724	-2.420827	-2.204062	-3.080725	-2.605949	-2.448869	-4.104927	
89280.000000	-4.924357	-7.107278	-8.461407	-7.596848	-9.784339	-8.915200	-8.587179	-14.976648	
90720.000000	-20.343071	-30.238355	-35.006468	-29.002041	-37.446010	-32.765146	-34.223095	-59.807643	
92160.000000	-231.976487	-360.169612	-432.195964	-328.535441	-453.780239	-367.929493	-390.182241	-726.926718	
93600.000000	-204.745073	-322.361822	-392.932257	-291.194086	-414.257360	-330.547315	-347.561420	-655.099873	
95040.000000	-76.732926	-126.754434	-157.851236	-112.290185	-166.163502	-129.732236	-135.940254	-260.125333	
96480.000000	-25.718668	-39.211037	-45.779224	-37.008454	-46.574004	-41.312821	-42.564892	-74.095364	
97920.000000	-10.710658	-13.620597	-15.818071	-13.977651	-17.629775	-14.628826	-15.097064	-25.599697	
99360.000000	-4.009625	-5.198140	-6.334917	-5.897955	-7.372536	-6.715992	-6.665641	-11.029921	
100800.000000	-4.208303	-6.069113	-7.598165	-7.082104	-8.819088	-8.249000	-7.659162	-12.992974	
102240.000000	-2.580829	-3.654969	-4.754409	-4.055288	-5.268170	-4.593096	-4.625766	-8.142064	
103680.000000	-0.002350	-0.019122	-0.007836	-0.021082	-0.008350	-0.042167	-0.040315	-0.036183	
105120.000000	-0.000060	-0.000590	-0.000209	-0.000656	-0.000226	-0.001456	-0.001387	-0.001111	
106560.000000	-2.531739	-3.212899	-4.299393	-4.099990	-5.755080	-4.373365	-4.101531	-8.112091	
108000.000000	-3.212074	-4.457957	-5.291988	-5.602413	-6.094858	-6.583698	-6.054060	-11.251601	
109440.000000	-0.002685	-0.021758	-0.008759	-0.023603	-0.009553	-0.047978	-0.046354	-0.041354	
110880.000000	-0.000062	-0.000608	-0.000214	-0.000674	-0.000233	-0.001503	-0.001436	-0.001146	
112320.000000	-0.011936	-0.000141	-0.000049	-0.000156	-0.000053	-0.000353	-0.000337	-0.000265	
113760.000000	-0.000144	-0.000054	-0.000019	-0.000060	-0.000020	-0.000135	-0.000129	-0.000101	
115200.000000	-0.000022	-0.000026	-0.000009	-0.000029	-0.000010	-0.000066	-0.000063	-0.000049	
116640.000000	-0.000007	-0.000015	-0.000005	-0.000016	-0.000005	-0.000037	-0.000035	-0.000027	
118080.000000	-0.000003	-0.000009	-0.000003	-0.000010	-0.000003	-0.000023	-0.000022	-0.000017	
119520.000000	-0.000002	-0.000006	-0.000002	-0.000007	-0.000002	-0.000015	-0.000014	-0.000011	
120960.000000	-61.630051	-95.119843	-112.070873	-88.384758	-117.249776	-97.578387	-103.982371	-187.342784	
122400.000000	-468.395491	-742.506907	-891.978358	-670.534196	-941.849101	-778.953565	-860.611500	-1724.643445	
123840.000000	-118.451716	-196.654746	-246.487278	-172.992472	-259.955788	-200.424579	-209.430848	-406.572788	
125280.000000	-35.669720	-54.370186	-63.324750	-51.303278	-66.041223	-57.741943	-60.119084	-105.497090	
126720.000000	-21.299982	-31.948308	-36.865260	-31.057352	-38.067966	-34.490098	-35.778585	-60.365659	
128160.000000	-8.879103	-11.721258	-13.320484	-11.971111	-15.605545	-13.606223	-13.193160	-22.344727	
129600.000000	-5.358594	-7.423097	-8.854766	-8.439395	-10.094132	-9.056941	-8.558244	-15.104606	
131040.000000	-6.318965	-8.748759	-10.222311	-9.857131	-12.868975	-11.038511	-11.039503	-18.536998	
132480.000000	-0.012164	-0.075229	-0.037444	-0.080790	-0.040408	-0.147470	-0.140984	-0.146516	
133920.000000	-4.121438	-6.239853	-7.628435	-7.045576	-8.782895	-8.230147	-7.917219	-14.384418	
135360.000000	-139.235832	-214.248108	-257.357542	-195.958028	-270.506794	-219.184671	-232.530714	-432.522429	
136800.000000	-108.846274	-169.720677	-204.117816	-155.055036	-215.169458	-175.874872	-184.377215	-338.773868	
138240.000000	-79.667147	-131.896861	-163.118092	-117.187227	-170.954754	-134.611317	-142.819380	-267.564220	
139680.000000	-14.513079	-19.426713	-22.285765	-20.300613	-23.993867	-21.572885	-21.274670	-36.027245	
141120.000000	-2.141022	-2.653903	-2.983919	-2.579987	-3.141433	-2.959006	-2.874193	-4.569661	
142560.000000	-0.000144	-0.001379	-0.000497	-0.001532	-0.000538	-0.003355	-0.003213	-0.002605	
144000.000000	-4.186925	-4.985168	-6.137957	-6.218526	-8.001861	-7.251050	-6.885667	-11.846936	
145440.000000	-218.242928	-336.571146	-402.233462	-308.016535	-423.386393	-345.596258	-365.692253	-679.290739	
146880.000000	-108.216405	-176.936978	-218.598366	-157.234746	-230.665803	-181.946653	-189.561991	-359.096210	
148320.000000	-26.062946	-41.176649	-48.020334	-39.700448	-49.971224	-44.321040	-47.107918	-80.826942	
149760.000000	-19.167808	-27.233771	-29.349163	-29.471763	-31.987749	-32.615894	-32.533327	-51.461452	
151200.000000	-24.004555	-35.028370	-38.810728	-34.604054	-41.199639	-39.629690	-39.089239	-64.213360	
152640.000000	-17.312110	-24.706739	-26.933211	-27.575016	-29.705599	-29.851233	-30.029922	-46.052587	
154080.000000	-21.358227	-30.475043	-33.165571	-32.004358	-36.283690	-36.302155	-35.786242	-57.067943	
155520.000000	-19.168447	-27.113366	-29.697158	-29.449576	-32.753668	-31.537657	-32.087139	-50.494622	
156960.000000	-34.453133	-51.249753	-58.855248	-48.777703	-62.476810	-55.085190	-56.734728	-98.887247	
158400.000000	-27.308598	-42.775104	-49.820119	-40.164251	-51.149733	-45.600320	-47.288125	-82.306457	
159840.000000	-16.903733	-23.646742	-25.346553	-25.253175	-28.129535	-28.388286	-27.597500	-41.651939	
161280.000000	-17.132883	-24.031821	-25.630662	-26.813348	-29.199156	-30.571385	-29.103238	-45.144675	
162720.000000	-18.999834	-26.859240	-29.442360	-27.918313	-32.186401	-31.168755	-31.169951	-49.798954	
164160.000000	-21.553147	-30.895864	-33.920808	-32.110621	-36.070800	-34.833234	-35.582063	-57.283807	
165600.000000	-17.658491	-24.380143	-26.175281	-25.444677	-29.041502	-28.766115	-28.862263	-44.494090	
167040.000000	-17.135717	-23.386495	-24.987053	-25.522176	-28.248290	-27.755084	-27.758595	-42.745732	
168480.000000	-17.593355	-24.411725	-26.428087	-25.430414	-29.339228	-28.537936	-28.000831	-44.958095	
169920.000000	-10.557588	-14.013023	-16.055147	-14.358966	-18.931152	-15.982966	-15.629952	-26.701490	
171360.000000	-3.489606	-5.108651	-6.153517	-5.822834	-7.283914	-6.632454	-6.237977	-10.515490	
172800.000000	-3.525381	-4.801045	-5.788854	-5.363646	-7.335155	-6.353324	-6.197185	-10.929593	
174240.000000	-0.004927	-0.035649	-0.015801	-0.040724	-0.016760	-0.076181	-0.073280	-0.068379	
175680.000000	-0.000069	-0.000674	-0.000240	-0.000755	-0.000259	-0.001666	-0.001588	-0.001272	
177120.000000	-0.000015	-0.000150	-0.000052	-0.000167	-0.000057	-0.000375	-0.000357	-0.000282	
178560.000000	-2.876085	-3.289778	-4.240062	-3.871775	-5.012615	-4.192368	-3.932820	-7.148389	
180000.000000	-26.355798	-42.398924	-48.671467	-39.605541	-51.445609	-44.688676	-47.324968	-81.139479	
181440.000000	-171.424302	-264.415508	-319.360447	-241.244973	-334.342302	-269.234755	-286.102260	-535.462303	
182880.000000	-29.037276	-48.333581	-60.204993	-44.064213	-64.300862	-50.769391	-52.389454	-97.630445	
184320.000000	-1.916659	-2.444754	-2.526294	-2.631155	-3.018100	-2.988216	-2.918452	-4.547743	
185760.000000	-0.000155	-0.001474	-0.000529	-0.001635	-0.000578	-0.003603	-0.003412	-0.002771	
187200.000000	-0.014579	-0.000229	-0.000080	-0.000255	-0.000087	-0.000573	-0.000544	-0.000431	
188640.000000	-0.000216	-0.000076	-0.000026	-0.000084	-0.000028	-0.000190	-0.000181	-0.000142	
190080.000000	-1.803982	-2.282360	-3.596415	-2.952304	-3.885360	-3.109031	-2.881328	-5.791969	
191520.000000	-0.001541	-0.012623	-0.004978	-0.013742	-0.005470	-0.028376	-0.027204	-0.023755	
192960.000000	-18.726218	-31.028681	-35.856425	-29.022280	-38.073190	-32.768429	-34.614629	-60.690998	
194400.000000	-324.098700	-505.008801	-607.308970	-458.942403	-637.275253	-515.665818	-545.443058	-1019.602214	
195840.000000	-72.131672	-120.436781	-150.695727	-106.867806	-158.623904	-124.580339	-129.147541	-245.994706	
197280.000000	-18.161499	-24.965401	-26.916081	-26.607020	-30.199213	-29.878380	-29.006468	-45.397177	
198720.000000	-19.124357	-26.610223	-28.935100	-28.324593	-32.192235	-31.111416	-31.471090	-49.573846	
200160.000000	-21.041132	-29.691390	-31.978045	-30.345677	-35.406293	-34.629499	-34.112371	-54.700139	
201600.000000	-27.580079	-40.750837	-45.889460	-39.308241	-48.428203	-44.804657	-45.065953	-75.943743	
203040.000000	-18.977564	-27.563385	-30.194888	-27.730492	-32.046106	-31.349136	-32.312237	-51.119840	
204480.000000	-15.957440	-21.785102	-23.100760	-24.622592	-26.468694	-27.010487	-26.347234	-39.714584	
205920.000000	-15.700586	-21.579961	-22.591331	-23.605132	-26.697393	-27.000086	-26.463593	-41.116921	
207360.000000	-25.017582	-36.797191	-42.228983	-36.276685	-45.455685	-39.843911	-41.725673	-71.844325	
208800.000000	-21.588046	-30.620549	-33.548441	-31.059623	-36.371222	-34.177019	-34.383609	-55.570223	
210240.000000	-31.917676	-47.560451	-54.480524	-45.514663	-58.281377	-51.098104	-52.950019	-92.156492	
211680.000000	-19.019435	-27.507747	-30.430943	-28.723918	-33.396008	-31.139909	-32.125971	-50.754693	
213120.000000	-17.171568	-22.981367	-24.599012	-24.946053	-29.290839	-27.798344	-27.643626	-41.373482	
214560.000000	-16.687642	-22.376341	-23.874002	-23.323988	-26.045126	-25.439172	-25.072220	-38.999070	
216000.000000	-19.043669	-28.273842	-32.947897	-26.975580	-34.385611	-29.958791	-31.507661	-54.468043	
217440.000000	-21.502050	-30.518598	-32.765565	-31.800922	-36.559358	-35.649558	-35.594037	-55.102286	
218880.000000	-17.791582	-24.501701	-25.768918	-27.216636	-29.652407	-30.381403	-29.931071	-46.289056	
220320.000000	-15.875508	-20.763193	-21.753693	-22.399895	-24.258095	-24.193542	-23.746655	-36.378977	
221760.000000	-17.573759	-23.560667	-25.155066	-25.065860	-27.662699	-27.406430	-27.205434	-41.794429	
223200.000000	-14.865371	-18.764747	-18.631981	-20.502155	-21.534198	-22.767583	-21.962524	-32.656186	
224640.000000	-15.383321	-19.821235	-19.784272	-21.415260	-23.711920	-23.604991	-22.943419	-33.920055	
226080.000000	-15.863922	-20.250467	-20.462165	-22.614913	-25.533333	-23.806424	-24.036217	-36.235581	
227520.000000	-21.437770	-30.547169	-33.107419	-31.923758	-36.703864	-36.763293	-35.667500	-57.080540	
228960.000000	-18.083167	-25.260023	-26.980794	-27.645771	-30.521113	-30.772032	-30.746570	-47.008870	
230400.000000	-13.849781	-17.998397	-18.088445	-20.051976	-21.014225	-21.872986	-21.502235	-30.573567	
231840.000000	-14.935476	-19.674427	-19.910898	-21.396894	-22.671281	-23.333980	-22.990174	-34.018071	
233280.000000	-14.664890	-18.685250	-19.061646	-19.796120	-21.034104	-22.257331	-21.601299	-31.855223	
234720.000000	-16.302333	-21.023178	-21.351630	-21.873411	-24.559810	-24.709430	-23.744636	-36.142999	
236160.000000	-14.153496	-18.104381	-17.728458	-19.388629	-21.099545	-22.259381	-21.353821	-30.915323	
237600.000000	-12.491291	-15.922163	-15.850473	-17.174514	-17.723788	-19.638084	-18.677454	-26.493918	
239040.000000	-18.089614	-25.298508	-26.764196	-27.287963	-30.142506	-31.662749	-30.665661	-47.561962	
240480.000000	-15.207585	-20.139977	-20.830410	-22.178313	-23.564090	-24.347913	-23.702155	-34.541253	
241920.000000	-15.826915	-21.093961	-21.925766	-23.676811	-25.736097	-26.646914	-25.441075	-38.690196	
243360.000000	-17.265219	-23.954105	-24.964939	-26.349786	-28.655083	-30.086876	-29.326135	-45.327501	
244800.000000	-17.893791	-25.044692	-26.480577	-27.573370	-29.922938	-31.706840	-30.275516	-45.829283	
246240.000000	-19.003346	-26.733634	-28.421656	-28.917557	-31.739144	-33.146669	-32.668881	-50.872462	
247680.000000	-20.309188	-28.858181	-30.942686	-30.383720	-33.888984	-34.836082	-33.774737	-53.595707	
249120.000000	-15.582106	-20.736684	-21.220061	-23.255017	-24.964525	-25.455928	-25.277017	-38.471028	
250560.000000	-17.141250	-22.702964	-23.507667	-23.960091	-26.407425	-26.910530	-26.050429	-40.623921	
252000.000000	-15.525033	-20.285651	-20.911601	-22.022935	-23.490363	-24.213238	-23.879631	-35.686702	
253440.000000	-13.632696	-17.075919	-16.484926	-18.019324	-19.247594	-20.458041	-19.390409	-27.095550	
254880.000000	-12.833125	-16.310602	-16.244186	-17.679636	-18.864544	-19.965183	-19.292637	-28.628815	
256320.000000	-11.261477	-13.861194	-13.826332	-15.443449	-16.658300	-18.037068	-16.734047	-23.725755	
257760.000000	-11.706935	-14.390149	-14.812283	-16.033078	-16.306640	-18.167166	-17.226690	-24.720488	
259200.000000	-12.297509	-15.017869	-15.387918	-16.880475	-18.152343	-19.061435	-17.989052	-25.574735	
260640.000000	-13.781496	-16.294717	-16.599759	-17.933785	-19.101485	-19.360206	-18.766534	-27.557246	
262080.000000	-23.304933	-33.452957	-36.721578	-33.713998	-39.680939	-38.194171	-38.021880	-62.023562	
263520.000000	-18.325240	-25.985440	-27.936849	-28.961820	-31.550565	-31.803832	-31.710628	-48.844944	
264960.000000	-14.914114	-18.602620	-18.260898	-20.509794	-21.460188	-22.051214	-21.292688	-30.919909	
266400.000000	-13.992136	-16.828817	-17.338800	-18.883079	-20.545777	-20.544544	-19.739155	-27.782480	
267840.000000	-16.680661	-22.847850	-24.201887	-26.712504	-28.428348	-29.239494	-28.978125	-43.518665	
269280.000000	-15.400934	-19.419866	-19.299600	-21.220511	-22.831458	-22.888854	-22.553890	-33.084837	
270720.000000	-16.059587	-20.740213	-20.814037	-22.361464	-25.713971	-24.504535	-24.435546	-34.846686	
272160.000000	-15.514805	-19.450464	-19.667259	-20.600257	-23.056124	-22.350591	-21.879389	-32.754242	
273600.000000	-15.725095	-19.726306	-19.965112	-21.695698	-24.967050	-24.383220	-22.836674	-34.060705	
275040.000000	-16.752386	-22.873552	-23.899282	-27.481853	-28.761877	-29.081172	-29.152138	-43.685132	
276480.000000	-18.604201	-25.881894	-27.572557	-29.153269	-31.423478	-32.376320	-32.067728	-48.779929	
277920.000000	-14.925618	-18.379721	-18.042529	-19.426193	-20.719885	-21.769839	-21.055389	-30.197421	
279360.000000	-13.167082	-15.565607	-15.117683	-16.560157	-17.773380	-18.733683	-17.989298	-26.196056	
280800.000000	-15.218447	-18.491145	-18.478297	-19.658725	-21.799328	-21.419535	-21.322125	-30.731736	
282240.000000	-15.280106	-18.262177	-18.143366	-19.035639	-22.042975	-21.962198	-20.577883	-30.881570	
283680.000000	-15.342161	-18.882381	-19.011340	-20.853657	-24.097774	-23.524556	-21.833086	-32.194350	
285120.000000	-15.859602	-21.154186	-22.135904	-24.568471	-26.361781	-26.387788	-26.109750	-38.330437	
286560.000000	-15.896170	-20.216786	-20.643967	-21.689797	-22.675642	-23.221546	-23.006722	-33.702274	
288000.000000	-16.109244	-20.493289	-20.687467	-22.572671	-24.852413	-24.567574	-23.970987	-36.613117	
289440.000000	-16.676301	-21.728341	-22.124203	-24.816529	-27.033625	-26.903972	-26.266865	-39.410741	
290880.000000	-11.342064	-13.475557	-13.084420	-15.124094	-15.550627	-17.520872	-16.312163	-22.540499	
292320.000000	-10.931232	-13.006294	-12.656856	-14.642985	-15.063623	-16.727651	-15.759421	-21.932689	
293760.000000	-11.877392	-13.874948	-13.484591	-14.845772	-15.480659	-17.141123	-16.180148	-21.806938	
295200.000000	-11.056121	-13.256807	-12.891356	-14.583456	-14.981295	-16.510358	-15.856928	-22.423465	
296640.000000	-12.614397	-15.073901	-14.491974	-16.559995	-16.840285	-17.998769	-17.318613	-24.802680	
298080.000000	-12.006307	-14.292433	-14.609726	-15.785597	-16.611115	-17.784915	-16.738508	-23.608284	
299520.000000	-11.951416	-14.194915	-13.988377	-15.899994	-16.391156	-17.624310	-17.273446	-23.708841	
300960.000000	-11.517435	-13.735473	-13.062510	-15.009670	-15.516911	-17.056189	-16.015061	-22.423841	
302400.000000	-15.985510	-20.082266	-20.499119	-22.699671	-24.816046	-23.257961	-23.452492	-34.259602	
303840.000000	-13.582838	-16.831587	-17.035637	-18.110107	-18.932229	-20.060968	-19.390860	-27.846301	
305280.000000	-13.857478	-17.259322	-16.495327	-18.464228	-18.304644	-20.595816	-19.513677	-27.520104	
306720.000000	-13.685469	-17.020311	-16.591748	-17.945551	-18.131072	-20.226587	-20.029819	-28.287465	
308160.000000	-12.142747	-14.864672	-14.207057	-16.351138	-16.092356	-18.275485	-17.244805	-23.865461	
309600.000000	-12.121134	-14.592173	-14.313030	-15.741206	-15.946528	-18.358184	-17.177940	-24.294019	
311040.000000	-15.785255	-20.430630	-21.103879	-22.960082	-24.919977	-25.178718	-24.659827	-37.074528	
312480.000000	-10.112708	-12.467683	-11.688031	-13.850663	-13.599766	-16.092752	-14.919906	-21.112407	
313920.000000	-10.021544	-12.339124	-11.656378	-13.878834	-13.219091	-16.009357	-15.336833	-21.405191	
